Sigma = 0, 0.05, 0.1. Number of Segments = 10 
 
 The unperturbed array [with Sigma = 5.519413330854491e-17] was [0.         0.001      0.05213158 0.05313158 0.10476316 0.10576316
 0.15739474 0.15839474 0.21002632 0.21102632 0.26265789 0.26365789
 0.31528947 0.31628947 0.36792105 0.36892105 0.42055263 0.42155263
 0.47318421 0.47418421 0.52581579 0.52681579 0.57844737 0.57944737
 0.63107895 0.63207895 0.68371053 0.68471053 0.73634211 0.73734211
 0.78897368 0.78997368 0.84160526 0.84260526 0.89423684 0.89523684
 0.94686842 0.94786842 0.999      1.        ]. 
 
 The following perturbed arrays were:  
 
 Applied Sigma: 0.05; True Sigma: 0.039933117673784393 -> [0.         0.00334602 0.00334602 0.10191714 0.10191714 0.10236467
 0.10236467 0.20511134 0.20511134 0.20829643 0.20829643 0.25142835
 0.25142835 0.36241486 0.36241486 0.37442724 0.37442724 0.41127041
 0.41127041 0.46599415 0.46599415 0.55539741 0.55539741 0.58670892
 0.58670892 0.61802043 0.61802043 0.71770768 0.71770768 0.7215537
 0.7215537  0.8380464  0.8380464  0.84616412 0.88184692 0.90762676
 0.93699499 0.95774185 0.96850746 1.        ] 
 
 Sigma: 0.1;  True Sigma: 0.03582528752990517 -> [0.         0.03660848 0.03660848 0.04230162 0.04230162 0.14187164
 0.14187164 0.17953378 0.17953378 0.1804495  0.1804495  0.2401988
 0.2401988  0.24151885 0.24151885 0.34180401 0.34180401 0.39577279
 0.39577279 0.47971587 0.47971587 0.52101882 0.52101882 0.56743499
 0.56743499 0.63199467 0.63199467 0.68025075 0.68025075 0.77040925
 0.77040925 0.78185597 0.78185597 0.7970914  0.7970914  0.93167173
 0.93167173 0.95950629 0.95950629 1.        ]