Sigma = 0, 0.0005, 0.001. 
 
 The unperturbed array [with Sigma = 5.519413330854491e-17] was [0.         0.001      0.05213158 0.05313158 0.10476316 0.10576316
 0.15739474 0.15839474 0.21002632 0.21102632 0.26265789 0.26365789
 0.31528947 0.31628947 0.36792105 0.36892105 0.42055263 0.42155263
 0.47318421 0.47418421 0.52581579 0.52681579 0.57844737 0.57944737
 0.63107895 0.63207895 0.68371053 0.68471053 0.73634211 0.73734211
 0.78897368 0.78997368 0.84160526 0.84260526 0.89423684 0.89523684
 0.94686842 0.94786842 0.999      1.        ]. 
 
 The following perturbed arrays were:  
 
 Applied Sigma: 0.0005; True Sigma: 0.0005000000000000188 -> [0.         0.00223828 0.05153336 0.0537298  0.10421286 0.10631346
 0.15672054 0.15906894 0.21002632 0.21102632 0.26201928 0.26429651
 0.31471401 0.31686494 0.36784507 0.36899704 0.42010893 0.42199633
 0.47303175 0.47433667 0.52569189 0.52693969 0.57841178 0.57948296
 0.63102389 0.63213401 0.68352418 0.68489687 0.73611161 0.7375726
 0.78895639 0.78999098 0.84111741 0.84309312 0.8937151  0.89575858
 0.94621152 0.94852532 0.99880253 1.        ] 
 
 Sigma: 0.001;  True Sigma: 0.0010000000000000217 -> [0.         0.00122025 0.05209698 0.05316618 0.10430216 0.10622416
 0.15714694 0.15864254 0.20887538 0.21217725 0.26177049 0.2645453
 0.31498455 0.3165944  0.36687758 0.36996453 0.41927541 0.42282985
 0.47208361 0.47528481 0.52450199 0.52812959 0.57720909 0.58068564
 0.63088148 0.63227642 0.68363935 0.6847817  0.73619014 0.73749407
 0.788601   0.79034637 0.84062955 0.84358097 0.89304041 0.89643327
 0.94686842 0.94786842 0.9963032  1.        ]