Sigma = 0, 0.0005, 0.001. 
 
 The unperturbed array [with Sigma = 0.004974238016236536] was [0.         0.006023   0.00807999 0.01016301 0.0125448  0.01261626
 0.01880023 0.02009207 0.0216535  0.02332189 0.02855011 0.03061527
 0.03284082 0.03494955 0.03816449 0.04050221 0.04426346 0.04435162
 0.05884032 0.0600652  0.06121013 0.06711814 0.0703172  0.07341429
 0.07805906 0.08605396 0.08641546 0.08950197 0.09150022 0.09448589
 0.09559564 0.0992244  0.10596912 0.10695618 0.10840045 0.10994265
 0.11333283 0.11789928 0.12034795 0.13183248 0.13534331 0.13841205
 0.1393212  0.1425438  0.14986798 0.15999236 0.16352146 0.17328258
 0.17342465 0.17557994 0.17660465 0.17720016 0.18249613 0.18286814
 0.19614337 0.20372666 0.2096014  0.22319401 0.22696353 0.22926841
 0.23675787 0.23894105 0.24507888 0.24557229 0.24762502 0.2481103
 0.25064787 0.26191818 0.26277167 0.26496936 0.26893836 0.27867501
 0.28405414 0.28971057 0.29499171 0.30256238 0.30556601 0.31415437
 0.32688373 0.33319413 0.33554695 0.33792405 0.33893402 0.34123404
 0.36092869 0.36165259 0.36174244 0.36513408 0.36590047 0.36979836
 0.3737262  0.3746711  0.37588396 0.3835308  0.3911006  0.39140816
 0.39534809 0.39693534 0.40751756 0.40978786 0.42454963 0.4354211
 0.43618704 0.43951134 0.44011314 0.44558787 0.44757098 0.45405806
 0.45831784 0.46896873 0.47362173 0.48841247 0.50040628 0.50862079
 0.52748331 0.5313122  0.53149689 0.54697062 0.55055622 0.55233784
 0.5638831  0.56700382 0.56720008 0.57166646 0.57358851 0.57689192
 0.58080874 0.58244627 0.5888396  0.59534572 0.59726165 0.62493877
 0.6295471  0.63378628 0.64181029 0.6466605  0.64735828 0.66233451
 0.66613747 0.67066491 0.67198571 0.67328596 0.67468828 0.67478262
 0.67613458 0.68341288 0.69038383 0.69441783 0.6966143  0.69687351
 0.70088778 0.70990305 0.71910802 0.73155117 0.73202213 0.7334125
 0.73357027 0.73569229 0.73661883 0.74142441 0.74582203 0.7468923
 0.74846931 0.75696605 0.76053225 0.77148003 0.77758813 0.77784241
 0.78131522 0.78338452 0.78594699 0.79205574 0.81613211 0.8182862
 0.82199831 0.82742362 0.83109936 0.83145523 0.84244459 0.85585429
 0.85653137 0.85781569 0.86014941 0.86615477 0.89190476 0.89740744
 0.90895264 0.91508423 0.93459247 0.9370733  0.93915457 0.94464878
 0.94927334 0.95301767 0.95407415 0.96171747 0.96367856 0.96469165
 0.97282897 1.        ]. 
 
 The following perturbed arrays were:  
 
 Applied Sigma: 0.0005; True Sigma: 0.004799967436768552 -> [0.         0.00276914 0.00276914 0.01547386 0.00574324 0.01202335
 0.01202335 0.01502381 0.01502381 0.02774231 0.02774231 0.03142306
 0.03309291 0.03343679 0.03343679 0.03742118 0.03742118 0.0511939
 0.05282047 0.0581964  0.0581964  0.06483673 0.06483673 0.07889476
 0.07940006 0.08471296 0.08768567 0.08823176 0.08823176 0.09047537
 0.09047537 0.10116011 0.10116011 0.10313496 0.10313496 0.11520813
 0.11542382 0.11580829 0.11892471 0.13325572 0.13592814 0.13782723
 0.13929889 0.14256612 0.15477768 0.15508266 0.16648787 0.16827117
 0.16827117 0.17678923 0.17678923 0.17701557 0.17958021 0.18578405
 0.19786426 0.20200577 0.21529306 0.21750235 0.22194786 0.23428407
 0.23727804 0.23794436 0.23794436 0.24648309 0.24648309 0.24925223
 0.25584266 0.25661707 0.25661707 0.26707007 0.26707007 0.28054331
 0.28105957 0.29270514 0.29837927 0.29917482 0.302878   0.31684238
 0.32253442 0.33546652 0.33546652 0.33800448 0.33932929 0.34083877
 0.34083877 0.35589357 0.35589357 0.36718764 0.36718764 0.36851118
 0.36870409 0.37849431 0.37849431 0.38092045 0.38092045 0.38906655
 0.38906655 0.40095151 0.40095151 0.41635391 0.42865925 0.43131148
 0.43218301 0.44051513 0.44051513 0.44518588 0.44561836 0.45601068
 0.45723247 0.47005409 0.47931675 0.48271744 0.50403005 0.50499702
 0.52839744 0.53039806 0.53211311 0.54604548 0.54604548 0.55684859
 0.55684859 0.56290941 0.56290941 0.56803045 0.56803045 0.57396483
 0.57396483 0.58929018 0.5895519  0.59463343 0.61074451 0.61145592
 0.6306147  0.63271868 0.63848928 0.64874308 0.64874308 0.66094971
 0.66689538 0.669907   0.669907   0.66915293 0.66915293 0.67330578
 0.67330578 0.68624168 0.6890744  0.69572726 0.69670818 0.69677964
 0.70044289 0.71034794 0.7235604  0.72709878 0.73219015 0.73324448
 0.73324448 0.73172506 0.73172506 0.74519885 0.74519885 0.74751548
 0.7504753  0.75496005 0.76092566 0.77037612 0.77037612 0.77942023
 0.77942023 0.78527951 0.78621696 0.79178577 0.81063054 0.82255655
 0.82255655 0.82459236 0.82459236 0.83796223 0.841565   0.84954977
 0.84954977 0.8583448  0.8583448  0.86795938 0.89394819 0.89536401
 0.91178602 0.91225085 0.92904549 0.93560918 0.93560918 0.94819417
 0.95024586 0.95204515 0.95632698 0.95946463 0.96274068 0.96562954
 0.99072998 1.        ] 
 
 Sigma: 0.001;  True Sigma: 0.005188073818952151 -> [0.         0.00608604 0.00608604 0.01215696 0.01228581 0.01287525
 0.01287525 0.01412839 0.01412839 0.02668687 0.02668687 0.02800353
 0.02800353 0.0386144  0.0386144  0.0400523  0.04422977 0.04438531
 0.05252346 0.05639637 0.05639637 0.06376824 0.06376824 0.07996325
 0.08034766 0.08376537 0.08703372 0.08888371 0.09161143 0.09437467
 0.0969327  0.09788734 0.10468309 0.10824222 0.10824222 0.10810398
 0.10810398 0.11785967 0.11785967 0.12860377 0.12860377 0.13484336
 0.13484336 0.14702164 0.14769537 0.16216496 0.16623263 0.17057141
 0.17388194 0.1748972  0.1748972  0.17556567 0.17556567 0.1897986
 0.19936297 0.20050707 0.20848502 0.22431039 0.2253464  0.23088554
 0.23119195 0.24423717 0.24423717 0.246414   0.24683466 0.24890067
 0.24899077 0.25652186 0.25652186 0.26594167 0.26594167 0.2816717
 0.28453443 0.28923029 0.29669133 0.30086276 0.30229541 0.31742497
 0.32522886 0.334849   0.334849   0.33441653 0.33441653 0.34575153
 0.34575153 0.35819515 0.35819515 0.36664714 0.36664714 0.36761396
 0.36761396 0.3728434  0.3728434  0.38482252 0.38482252 0.38813549
 0.38813549 0.40033588 0.40033588 0.41696954 0.42280914 0.43707988
 0.43707988 0.43861849 0.44251094 0.44319007 0.45069428 0.45093476
 0.45785968 0.46942688 0.48063217 0.48140203 0.50325269 0.50577438
 0.52807715 0.53071836 0.53151564 0.54695188 0.55119666 0.55169741
 0.55845037 0.56717665 0.56717665 0.5716899  0.5726948  0.57527615
 0.57527615 0.58669105 0.58669105 0.59749427 0.60304808 0.61915235
 0.62384997 0.63948341 0.64407223 0.64439855 0.65320632 0.65648648
 0.66213351 0.66612628 0.66612628 0.67391504 0.67391504 0.67555586
 0.67784621 0.68170125 0.68974736 0.69120265 0.69120265 0.70034032
 0.70034032 0.71045051 0.72194762 0.72510065 0.72510065 0.72717276
 0.72717276 0.73106187 0.73106187 0.73821481 0.73821481 0.74504992
 0.74504992 0.76038544 0.76449837 0.76751391 0.77153482 0.77494581
 0.77494581 0.78580741 0.78580741 0.79219533 0.8101537  0.82418658
 0.82418658 0.82523535 0.83060799 0.8319466  0.84894291 0.84935597
 0.85560043 0.85874663 0.86200727 0.8642969  0.88646941 0.90284279
 0.91114614 0.91289073 0.92910467 0.93350034 0.93350034 0.94434852
 0.94434852 0.95604342 0.95604342 0.95974819 0.96274113 0.96562908
 0.9880137  1.        ]