Sigma = 0, 0.001, 0.002. 
 
 The unperturbed array was [0.         0.00795412 0.00953317 0.01587406 0.02413806 0.02640593
 0.03377937 0.03581273 0.04237863 0.04272086 0.04591853 0.04684185
 0.05403537 0.05443299 0.06279449 0.06885275 0.07775901 0.08005855
 0.08481174 0.08765198 0.08896958 0.09158469 0.10112837 0.10395094
 0.1044339  0.1183513  0.12260085 0.12369805 0.12926657 0.13124905
 0.13173668 0.13363523 0.15360303 0.15534849 0.16646185 0.16893454
 0.17330748 0.17501991 0.18661683 0.18929107 0.1897801  0.19012604
 0.19156838 0.19332577 0.19344482 0.19918162 0.20578337 0.20672597
 0.20720666 0.21449152 0.22532485 0.22707716 0.23466913 0.23828974
 0.24781535 0.25214982 0.2529791  0.2530626  0.26767567 0.26776645
 0.27106956 0.27440453 0.27546221 0.2762519  0.27764494 0.28025227
 0.28328801 0.29401427 0.30410034 0.30727508 0.30774236 0.31430475
 0.32093542 0.32156786 0.32193525 0.33388339 0.34574083 0.36055491
 0.36196029 0.36442948 0.36496054 0.36807288 0.3716979  0.38143748
 0.38374447 0.38930527 0.39439266 0.39493031 0.39862743 0.40340062
 0.40449721 0.40588497 0.40767918 0.41216059 0.41468742 0.42643768
 0.43962086 0.44462461 0.46289404 0.48307851 0.48523694 0.48981212
 0.49987349 0.50008863 0.51644947 0.51983394 0.5356619  0.5390014
 0.54395785 0.56802908 0.58210594 0.5918049  0.60020481 0.60322722
 0.60750208 0.61145711 0.61146843 0.61522927 0.61951263 0.62203671
 0.6269333  0.62912477 0.63053715 0.63840413 0.64172849 0.64217422
 0.65239626 0.65269559 0.65567993 0.65886389 0.66350585 0.66944229
 0.67022495 0.67217409 0.67448771 0.674603   0.67478809 0.68928119
 0.69837664 0.70019196 0.7091415  0.71113105 0.71401102 0.72599727
 0.72651525 0.72741275 0.72825931 0.72999422 0.7417192  0.74716023
 0.74995917 0.75308213 0.76441739 0.76657818 0.77815466 0.7793508
 0.78199044 0.78245086 0.78492826 0.79176912 0.82555265 0.83399446
 0.83509524 0.83849698 0.83893127 0.8414649  0.84167035 0.84257435
 0.85128338 0.85388709 0.85632587 0.86492055 0.87137586 0.87544359
 0.8771516  0.87808574 0.88003771 0.88005221 0.88117773 0.88466693
 0.89953124 0.91214675 0.91308559 0.91924191 0.92016393 0.92765091
 0.9280773  0.93086948 0.93661737 0.95944354 0.96647712 0.97155818
 0.97938916 0.98000531 0.98363983 0.98577221 0.98714659 0.99156778
 0.9936298  1.        ]. 
 
 The following perturbed arrays were:  
 
 Sigma: 0.001 -> [0.         0.00572577 0.01009385 0.01531339 0.01959349 0.02762142
 0.02762142 0.0355281  0.0355281  0.03861351 0.03861351 0.05104143
 0.05104143 0.05742694 0.06491884 0.0667284  0.0731389  0.08111648
 0.08111648 0.08389888 0.08389888 0.0966554  0.10168586 0.10339345
 0.10796659 0.11481861 0.11618055 0.13011835 0.13011835 0.12790045
 0.12790045 0.13747146 0.14692513 0.1620264  0.16658044 0.16753328
 0.16753328 0.18079411 0.1872963  0.1886116  0.18877955 0.19112659
 0.19149045 0.19340369 0.19605943 0.19656702 0.19828366 0.20845271
 0.20845271 0.21324547 0.21831044 0.23409157 0.23596163 0.23699724
 0.24266197 0.25106209 0.25106209 0.25497961 0.26715727 0.26828485
 0.2725672  0.27290689 0.274794   0.27692012 0.27852098 0.27937623
 0.28698382 0.29031846 0.29796324 0.30500406 0.30500406 0.31412717
 0.31412717 0.32099411 0.32099411 0.33482452 0.35253748 0.35375826
 0.36244065 0.36394912 0.36581112 0.3672223  0.36919982 0.38035477
 0.38035477 0.38681178 0.38681178 0.40063064 0.40063064 0.39994278
 0.39994278 0.40232501 0.40232501 0.41751476 0.41835417 0.42277093
 0.4405882  0.44365727 0.46591279 0.48005976 0.48194265 0.49310641
 0.49794264 0.50201947 0.51157202 0.52471139 0.5298712  0.54479211
 0.55470498 0.55728195 0.58199093 0.59191991 0.59716376 0.60626827
 0.60626827 0.60786984 0.60786984 0.61391416 0.61391416 0.62009804
 0.62009804 0.63434208 0.63434208 0.63459919 0.63609455 0.64780815
 0.64780815 0.65117577 0.65117577 0.66336805 0.66459195 0.66835619
 0.66835619 0.66860551 0.66860551 0.67439606 0.67439606 0.68967323
 0.69177847 0.70476778 0.70476778 0.71550477 0.7175049  0.72250339
 0.72250339 0.72185409 0.72185409 0.73639944 0.74170976 0.74716966
 0.7501728  0.7528685  0.75874992 0.77094431 0.77094431 0.78200906
 0.78200906 0.78243224 0.78711829 0.78957909 0.82830279 0.83124432
 0.83519611 0.83839611 0.83846144 0.84193472 0.84203465 0.84221005
 0.85117666 0.85399381 0.86028354 0.86096289 0.86096289 0.87111118
 0.87111118 0.8782368  0.8782368  0.87661138 0.87661138 0.88923328
 0.89815722 0.90874928 0.90874928 0.91710268 0.91710268 0.92645961
 0.92645961 0.93248716 0.94134068 0.95472023 0.9690104  0.9690249
 0.97325351 0.977482   0.977482   0.98723572 0.98723572 0.98751675
 0.98751675 1.        ] 
 
 Sigma: 0.002 -> [0.         0.0053658  0.0053658  0.02004144 0.01727203 0.03327195
 0.03373346 0.03513041 0.03513041 0.04513149 0.04513149 0.04762889
 0.05153132 0.05693704 0.06437815 0.06726909 0.0780804  0.07843689
 0.07843689 0.08788158 0.08788158 0.0926727  0.09586397 0.10921534
 0.11083838 0.11194682 0.11636631 0.12309105 0.12309105 0.12431006
 0.12431006 0.14106186 0.14559876 0.16012273 0.16012273 0.17156829
 0.17156829 0.1767591  0.17887255 0.18906749 0.18906749 0.1893797
 0.1893797  0.18923658 0.18923658 0.20304599 0.20304599 0.20946336
 0.21045096 0.21124722 0.21687677 0.23293702 0.23293702 0.24002185
 0.24973507 0.2502301  0.25098013 0.25506157 0.25506157 0.26350839
 0.26350839 0.27434329 0.27434329 0.27332293 0.27332293 0.27961994
 0.27961994 0.29655668 0.29655668 0.30943999 0.30943999 0.31242732
 0.31242732 0.32509286 0.32509286 0.33072578 0.34626254 0.3562119
 0.3562119  0.35714542 0.35714542 0.37320269 0.37320269 0.37993269
 0.382772   0.38573246 0.38573246 0.39963544 0.39963544 0.39935496
 0.39935496 0.40226944 0.40226944 0.41757033 0.42011303 0.42101207
 0.43581156 0.4484339  0.46421531 0.48175724 0.48747022 0.48757884
 0.49178808 0.50817403 0.51088799 0.52539543 0.53614608 0.53851722
 0.55419039 0.55779655 0.58623897 0.58767186 0.59310948 0.60752039
 0.60752039 0.60562529 0.60562529 0.61264483 0.61264483 0.62787915
 0.62787915 0.62592047 0.62592047 0.63369636 0.63369636 0.64653238
 0.64653238 0.6480918  0.6480918  0.66398086 0.66398086 0.66896728
 0.67059194 0.6718071  0.67224346 0.67453616 0.67453616 0.68953313
 0.6906222  0.7079464  0.70983913 0.71043342 0.71043342 0.71864805
 0.71864805 0.72877943 0.72877943 0.72947411 0.73572282 0.74507953
 0.74507953 0.75796178 0.76376968 0.76722588 0.76722588 0.77605079
 0.77605079 0.78703567 0.78703567 0.78966171 0.78966171 0.82836122
 0.82836122 0.83919544 0.83919544 0.83556027 0.83556027 0.84868443
 0.85192359 0.85324688 0.8552718  0.86597462 0.8712849  0.87468125
 0.87468125 0.87218019 0.87218019 0.88242079 0.88242079 0.88342387
 0.90573715 0.90594084 0.91213662 0.92019089 0.92019089 0.92098043
 0.92098043 0.93796635 0.94009738 0.95596353 0.95974096 0.97829435
 0.97892522 0.98046925 0.98046925 0.98129166 0.98129166 0.99623988
 0.99623988 1.        ]