Sigma = 0, 0.0005, 0.001. 
 
 The unperturbed array [with Sigma = 5.536082521468334e-17] was [0.         0.001      0.03398276 0.03498276 0.06846552 0.06946552
 0.10294828 0.10394828 0.13743103 0.13843103 0.17191379 0.17291379
 0.20639655 0.20739655 0.24087931 0.24187931 0.27536207 0.27636207
 0.30984483 0.31084483 0.34432759 0.34532759 0.37881034 0.37981034
 0.4132931  0.4142931  0.44777586 0.44877586 0.48225862 0.48325862
 0.51674138 0.51774138 0.55122414 0.55222414 0.5857069  0.5867069
 0.62018966 0.62118966 0.65467241 0.65567241 0.68915517 0.69015517
 0.72363793 0.72463793 0.75812069 0.75912069 0.79260345 0.79360345
 0.82708621 0.82808621 0.86156897 0.86256897 0.89605172 0.89705172
 0.93053448 0.93153448 0.96501724 0.96601724 0.999      1.        ]. 
 
 The following perturbed arrays were:  
 
 Applied Sigma: 0.0005; True Sigma: 0.0005000000000000075 -> [0.         0.00186143 0.03387429 0.03509123 0.0683397  0.06959134
 0.10294828 0.10394828 0.13733871 0.13852336 0.17133761 0.17348997
 0.20573554 0.20805757 0.24080215 0.24195647 0.27519652 0.27652762
 0.30979565 0.310894   0.34376875 0.34588642 0.37817487 0.38044582
 0.41310387 0.41448234 0.44755854 0.44899319 0.48171865 0.48379859
 0.51624596 0.5182368  0.55053948 0.55290879 0.58523957 0.58717422
 0.62015351 0.6212258  0.65399937 0.65634546 0.68914356 0.69016678
 0.72349325 0.72478262 0.75760159 0.75963979 0.79198161 0.79422528
 0.82702339 0.82814902 0.86154533 0.8625926  0.89544423 0.89765922
 0.93028054 0.93178842 0.96436873 0.96666575 0.99781535 1.        ] 
 
 Sigma: 0.001;  True Sigma: 0.0009999999999999994 -> [0.         0.00330472 0.03373112 0.0352344  0.06808705 0.06984398
 0.10167732 0.10521923 0.1373054  0.13855667 0.17162442 0.17320316
 0.20505046 0.20874264 0.24072499 0.24203363 0.27536207 0.27636207
 0.30880662 0.31188303 0.3431126  0.34654257 0.37847925 0.38014144
 0.41197107 0.41561513 0.44691443 0.44963729 0.48221134 0.4833059
 0.51652443 0.51795833 0.55028948 0.55315879 0.58446323 0.58795057
 0.62016644 0.62121287 0.65355475 0.65679008 0.68908289 0.69022745
 0.72226862 0.72600724 0.75793604 0.75930534 0.79152351 0.79468339
 0.82657833 0.82859408 0.86057813 0.8635598  0.8947547  0.89834875
 0.93043613 0.93163283 0.96458259 0.96645189 0.99663069 1.        ]