Sigma = 0, 0.01, 0.02. 
 
 The unperturbed array was [0.         0.001      0.11061111 0.11161111 0.22172222 0.22272222
 0.33283333 0.33383333 0.44394444 0.44494444 0.55505556 0.55605556
 0.66616667 0.66716667 0.77727778 0.77827778 0.88838889 0.88938889
 0.999      1.        ]. 
 
 The following perturbed arrays were:  
 
 Sigma: 0.01 -> [0.         0.00813644 0.09838264 0.12383959 0.22104075 0.22340369
 0.32229588 0.34437079 0.43460272 0.45428617 0.55268307 0.55842804
 0.66471169 0.66862164 0.76436783 0.79118772 0.87693392 0.90084386
 0.999      1.        ] 
 
 Sigma: 0.02 -> [0.         0.00681989 0.08479122 0.137431   0.19881228 0.24563217
 0.33147039 0.33519627 0.425261   0.46362789 0.54791911 0.563192
 0.64170972 0.69162362 0.77727778 0.77827778 0.86731398 0.9104638
 0.98951004 1.        ]