Sigma = 0, 0.05, 0.1. Number of Segments = 15 
 
 The unperturbed array [with Sigma = 5.4319372824682117e-17] was [0.         0.001      0.11061111 0.11161111 0.22172222 0.22272222
 0.33283333 0.33383333 0.44394444 0.44494444 0.55505556 0.55605556
 0.66616667 0.66716667 0.77727778 0.77827778 0.88838889 0.88938889
 0.999      1.        ]. 
 
 The following perturbed arrays were:  
 
 Applied Sigma: 0.05; True Sigma: 0.04793332367840163 -> [0.         0.09277001 0.09277001 0.12945222 0.22172222 0.22272222
 0.27555847 0.37939472 0.37939472 0.50949417 0.54319311 0.567918
 0.65889181 0.67444153 0.7161354  0.83942015 0.84168027 0.93609751
 0.9921853  1.        ] 
 
 Sigma: 0.1;  True Sigma: 0.08225294235118184 -> [0.         0.0749289  0.0749289  0.14729332 0.2071725  0.21828361
 0.21828361 0.314845   0.314845   0.55505556 0.55505556 0.55605556
 0.64244177 0.69089156 0.7544305  0.7544305  0.77046308 0.78301434
 0.78301434 1.        ]